111.000	8.403	8.383	0.000
112.000	8.930	8.921	0.090
111.000	11.767	11.754	0.000
112.000	12.281	12.276	0.020
111.000	14.987	14.978	0.000
112.000	15.495	15.475	0.035
111.000	20.332	20.321	0.000
112.000	20.843	20.828	0.000
111.000	23.507	23.491	0.000
112.000	24.029	24.015	0.040
111.000	30.780	30.765	0.000
112.000	31.295	31.287	0.075
111.000	36.016	36.006	0.000
112.000	36.536	36.535	0.020
111.000	40.013	40.005	0.000
112.000	40.518	40.504	0.075
111.000	44.906	44.904	0.000
112.000	45.409	45.394	0.075
111.000	48.610	48.593	0.000
112.000	49.125	49.109	0.025
111.000	52.226	52.216	0.000
112.000	52.736	52.726	0.075
111.000	55.720	55.706	0.000
112.000	56.231	56.224	0.040
111.000	60.788	60.768	0.000
112.000	61.301	61.282	0.020
111.000	65.438	65.420	0.000
112.000	65.949	65.937	0.030
111.000	69.728	69.723	0.000
112.000	70.252	70.236	0.040
111.000	74.449	74.440	0.000
112.000	74.968	74.952	0.035
111.000	78.183	78.168	0.000
112.000	78.688	78.669	0.015
111.000	83.312	83.304	0.000
112.000	83.831	83.820	0.030
111.000	86.539	86.521	28.000
112.000	87.041	87.040	0.035
111.000	91.122	91.108	28.000
112.000	91.624	91.624	0.000
111.000	94.273	94.251	28.000
112.000	94.784	94.780	0.075
111.000	98.066	98.056	28.000
112.000	98.581	98.564	0.025
111.000	101.534	101.524	28.000
112.000	102.042	102.030	0.010
111.000	104.822	104.810	28.000
112.000	105.326	105.328	0.025
111.000	109.314	109.294	28.000
112.000	109.836	109.832	0.035
111.000	113.903	113.883	28.000
112.000	114.414	114.402	0.060
111.000	118.663	118.649	28.000
112.000	119.166	119.148	0.000
111.000	122.398	122.381	28.000
112.000	122.907	122.886	0.025
111.000	125.428	125.418	30.000
112.000	125.949	125.933	0.090
111.000	129.323	129.318	30.000
112.000	129.836	129.816	0.025
111.000	134.405	134.391	30.000
112.000	134.911	134.902	0.030
111.000	139.006	138.989	30.000
112.000	139.516	139.502	0.040
111.000	142.901	142.879	30.000
112.000	143.405	143.393	0.050
111.000	148.818	148.800	30.000
112.000	149.323	149.313	0.030
111.000	152.603	152.593	30.000
112.000	153.121	153.101	0.090
111.000	157.301	157.288	30.000
112.000	157.818	157.813	0.030
111.000	161.940	161.930	30.000
112.000	162.447	162.437	0.050
111.000	171.658	171.638	59.000
112.000	172.169	172.159	0.020
111.000	175.531	175.514	59.000
112.000	176.040	176.030	0.010
111.000	184.866	184.846	59.000
112.000	185.380	185.363	0.035
111.000	187.973	187.956	59.000
112.000	188.483	188.479	0.090
111.000	193.379	193.359	59.000
112.000	193.881	193.869	0.030
111.000	196.517	196.508	59.000
112.000	197.027	197.008	0.040
111.000	200.019	200.005	59.000
112.000	200.533	200.526	0.060
111.000	203.878	203.868	59.000
112.000	204.389	204.376	0.020
111.000	208.952	208.937	59.000
112.000	209.458	209.448	0.040
111.000	212.241	212.228	82.000
112.000	212.766	212.750	0.075
111.000	217.080	217.073	82.000
112.000	217.597	217.588	0.025
111.000	220.804	220.788	82.000
112.000	221.321	221.308	0.060
111.000	225.917	225.903	82.000
112.000	226.440	226.443	0.050
111.000	229.106	229.088	82.000
112.000	229.611	229.593	0.010
111.000	233.234	233.225	82.000
112.000	233.736	233.724	0.020
111.000	236.429	236.408	82.000
112.000	236.937	236.927	0.060
111.000	239.876	239.867	82.000
112.000	240.397	240.387	0.010
111.000	245.037	245.018	82.000
112.000	245.547	245.546	0.035
111.000	249.325	249.315	84.000
112.000	249.840	249.823	0.010
111.000	254.268	254.251	84.000
112.000	254.790	254.783	0.050
111.000	259.026	259.015	84.000
112.000	259.533	259.519	0.050
111.000	264.934	264.921	84.000
112.000	265.457	265.455	0.000
111.000	268.517	268.506	84.000
112.000	269.031	269.028	0.010
111.000	273.511	273.507	84.000
112.000	274.013	274.010	0.050
111.000	278.637	278.625	84.000
112.000	279.159	279.150	0.060
111.000	284.885	284.875	84.000
112.000	285.388	285.375	0.010
111.000	289.709	289.700	84.000
112.000	290.218	290.212	0.050
111.000	292.803	292.792	123.000
112.000	293.310	293.302	0.035
111.000	298.069	298.064	123.000
112.000	298.585	298.579	0.010
111.000	301.344	301.325	123.000
112.000	301.869	301.859	0.020
111.000	306.596	306.593	123.000
112.000	307.122	307.108	0.060
111.000	311.296	311.285	123.000
112.000	311.812	311.799	0.000
111.000	315.164	315.150	123.000
112.000	315.682	315.673	0.030
111.000	320.570	320.552	123.000
112.000	321.078	321.078	0.075
111.000	325.777	325.776	123.000
112.000	326.287	326.288	0.025
111.000	329.775	329.761	123.000
112.000	330.284	330.271	0.090
111.000	333.656	333.646	135.000
112.000	334.171	334.157	0.040
111.000	336.955	336.941	135.000
112.000	337.461	337.449	0.025
111.000	342.258	342.254	135.000
112.000	342.775	342.770	0.010
111.000	347.441	347.422	135.000
112.000	347.964	347.949	0.040
111.000	351.793	351.788	135.000
112.000	352.316	352.307	0.030
111.000	355.767	355.761	135.000
112.000	356.272	356.260	0.075
111.000	361.414	361.410	135.000
112.000	361.933	361.931	0.000
111.000	365.476	365.465	135.000
112.000	365.989	365.988	0.040
111.000	370.179	370.162	135.000
112.000	370.697	370.683	0.000
111.000	374.527	374.512	135.000
112.000	375.046	375.029	0.030
111.000	380.077	380.061	149.000
112.000	380.594	380.589	0.060
111.000	384.619	384.605	149.000
112.000	385.140	385.134	0.020
111.000	390.707	390.706	149.000
112.000	391.222	391.215	0.050
111.000	394.771	394.760	149.000
112.000	395.284	395.273	0.050
111.000	397.926	397.909	149.000
112.000	398.431	398.415	0.000
111.000	403.659	403.640	149.000
112.000	404.168	404.151	0.040
111.000	408.914	408.904	149.000
112.000	409.431	409.420	0.010
111.000	413.055	413.040	149.000
112.000	413.564	413.558	0.015
111.000	418.177	418.157	149.000
112.000	418.697	418.681	0.075
111.000	421.395	421.386	166.000
112.000	421.903	421.887	0.075
111.000	425.019	425.010	166.000
112.000	425.548	425.552	0.010
111.000	428.700	428.690	166.000
112.000	429.225	429.226	0.090
111.000	433.931	433.917	166.000
112.000	434.440	434.427	0.000
111.000	439.848	439.839	166.000
112.000	440.349	440.342	0.075
111.000	445.589	445.576	166.000
112.000	446.098	446.089	0.025
111.000	448.552	448.543	166.000
112.000	449.072	449.066	0.015
111.000	452.237	452.234	166.000
112.000	452.756	452.735	0.035
111.000	457.967	457.953	166.000
112.000	458.487	458.483	0.060
111.000	464.281	464.262	207.000
112.000	464.797	464.790	0.030
111.000	467.599	467.581	207.000
112.000	468.109	468.099	0.035
111.000	470.774	470.768	207.000
112.000	471.296	471.283	0.040
111.000	476.227	476.222	207.000
112.000	476.745	476.736	0.020
111.000	479.421	479.406	207.000
112.000	479.947	479.931	0.050
111.000	482.399	482.385	207.000
112.000	482.920	482.921	0.090
111.000	488.871	488.856	207.000
112.000	489.375	489.368	0.020
111.000	492.757	492.743	207.000
112.000	493.285	493.267	0.060
111.000	496.218	496.203	207.000
112.000	496.729	496.717	0.060
111.000	500.107	500.088	215.000
112.000	500.611	500.597	0.025
111.000	503.186	503.172	215.000
112.000	503.707	503.698	0.060
111.000	508.266	508.251	215.000
112.000	508.786	508.777	0.015
111.000	512.467	512.460	215.000
112.000	512.977	512.967	0.040
111.000	515.492	515.476	215.000
112.000	516.002	515.993	0.025
111.000	518.946	518.926	215.000
112.000	519.457	519.440	0.030
111.000	522.570	522.566	215.000
112.000	523.097	523.078	0.040
111.000	525.693	525.679	215.000
112.000	526.210	526.201	0.035
111.000	529.155	529.143	215.000
112.000	529.664	529.651	0.030
111.000	535.192	535.173	257.000
112.000	535.709	535.693	0.090
111.000	538.453	538.437	257.000
112.000	538.970	538.965	0.025
111.000	542.050	542.035	257.000
112.000	542.561	542.542	0.010
111.000	545.044	545.030	257.000
112.000	545.564	545.554	0.050
111.000	550.410	550.400	257.000
112.000	550.920	550.906	0.050
111.000	556.550	556.529	257.000
112.000	557.066	557.065	0.025
111.000	563.258	563.244	257.000
112.000	563.768	563.755	0.000
111.000	566.533	566.520	257.000
112.000	567.039	567.021	0.040
111.000	571.538	571.524	257.000
112.000	572.041	572.034	0.010
111.000	576.239	576.232	257.000
112.000	576.758	576.757	0.040
111.000	581.769	581.751	274.000
112.000	582.296	582.281	0.030
111.000	585.215	585.196	274.000
112.000	585.726	585.711	0.010
111.000	589.858	589.839	274.000
112.000	590.370	590.372	0.050
111.000	593.631	593.615	274.000
112.000	594.143	594.137	0.060
111.000	597.240	597.231	274.000
112.000	597.751	597.744	0.015
111.000	601.731	601.716	274.000
112.000	602.251	602.239	0.035
111.000	606.076	606.061	274.000
112.000	606.593	606.586	0.050
111.000	609.220	609.201	274.000
112.000	609.727	609.716	0.010
111.000	613.532	613.519	274.000
112.000	614.049	614.039	0.015
111.000	616.892	616.883	274.000
112.000	617.399	617.394	0.090
111.000	622.203	622.192	277.000
112.000	622.716	622.705	0.020
111.000	627.073	627.063	277.000
112.000	627.595	627.589	0.000
111.000	630.906	630.897	277.000
112.000	631.431	631.412	0.060
111.000	635.249	635.235	277.000
112.000	635.752	635.744	0.035
111.000	638.436	638.428	277.000
112.000	638.946	638.925	0.010
111.000	643.246	643.226	277.000
112.000	643.764	643.754	0.060
111.000	646.859	646.840	277.000
112.000	647.368	647.360	0.015
111.000	651.403	651.385	277.000
112.000	651.930	651.922	0.075
111.000	654.472	654.458	277.000
112.000	654.988	654.984	0.090
111.000	658.379	658.365	286.000
112.000	658.901	658.884	0.000
111.000	661.529	661.510	286.000
112.000	662.057	662.057	0.025
111.000	668.531	668.512	286.000
112.000	669.043	669.045	0.075
111.000	672.801	672.787	286.000
112.000	673.306	673.298	0.060
111.000	676.092	676.073	286.000
112.000	676.597	676.584	0.025
111.000	679.898	679.879	286.000
112.000	680.432	680.414	0.035
111.000	686.201	686.192	286.000
112.000	686.717	686.699	0.000
111.000	689.643	689.623	286.000
112.000	690.159	690.152	0.015
111.000	692.638	692.624	286.000
112.000	693.161	693.152	0.075
111.000	697.314	697.296	287.000
112.000	697.830	697.819	0.015
111.000	702.795	702.776	287.000
112.000	703.306	703.290	0.050
111.000	706.991	706.982	287.000
112.000	707.495	707.492	0.030
111.000	710.124	710.109	287.000
112.000	710.647	710.648	0.075
111.000	714.145	714.133	287.000
112.000	714.656	714.647	0.060
111.000	717.298	717.285	287.000
112.000	717.818	717.797	0.015
111.000	721.929	721.920	287.000
112.000	722.442	722.427	0.000
111.000	725.530	725.528	287.000
112.000	726.037	726.025	0.075
111.000	730.338	730.323	287.000
112.000	730.843	730.842	0.020
111.000	734.059	734.056	324.000
112.000	734.568	734.558	0.035
111.000	738.908	738.892	324.000
112.000	739.428	739.407	0.030
111.000	743.799	743.796	324.000
112.000	744.320	744.302	0.015
111.000	746.987	746.965	324.000
112.000	747.506	747.489	0.060
111.000	750.395	750.376	324.000
112.000	750.902	750.889	0.040
111.000	754.918	754.909	324.000
112.000	755.425	755.411	0.020
111.000	759.942	759.924	324.000
112.000	760.464	760.465	0.060
111.000	765.151	765.142	324.000
112.000	765.667	765.659	0.040
111.000	770.418	770.413	324.000
112.000	770.924	770.908	0.000
111.000	777.307	777.286	324.000
112.000	777.823	777.812	0.030
111.000	780.443	780.428	362.000
112.000	780.951	780.939	0.075
111.000	785.140	785.132	362.000
112.000	785.654	785.642	0.015
111.000	788.621	788.612	362.000
112.000	789.129	789.128	0.060
111.000	793.079	793.061	362.000
112.000	793.589	793.593	0.010
111.000	796.866	796.856	362.000
112.000	797.376	797.374	0.000
111.000	799.926	799.912	362.000
112.000	800.439	800.431	0.035
111.000	803.894	803.883	362.000
112.000	804.403	804.385	0.040
111.000	807.023	807.003	362.000
112.000	807.529	807.527	0.030
111.000	812.086	812.082	362.000
112.000	812.589	812.573	0.015
111.000	816.855	816.840	362.000
112.000	817.383	817.376	0.090
111.000	820.738	820.734	362.000
112.000	821.261	821.243	0.040
111.000	823.958	823.949	362.000
112.000	824.478	824.477	0.020
111.000	830.396	830.382	362.000
112.000	830.909	830.897	0.015
111.000	834.082	834.068	362.000
112.000	834.605	834.586	0.060
111.000	837.967	837.948	362.000
112.000	838.486	838.478	0.020
111.000	843.271	843.258	362.000
112.000	843.783	843.784	0.090
111.000	846.534	846.516	362.000
112.000	847.049	847.047	0.020
111.000	849.648	849.644	362.000
112.000	850.169	850.156	0.020
111.000	853.610	853.595	362.000
112.000	854.130	854.106	0.050
111.000	858.000	857.986	371.000
112.000	858.513	858.500	0.090
331.000	162.989	162.978	59.000
332.000	166.011	165.996	59.000
331.000	166.011	165.996	59.000
332.000	169.040	169.034	59.000
331.000	177.439	177.418	59.000
332.000	180.466	180.455	59.000
441.000	162.946	162.947	59.000
441.000	163.356	163.367	59.000
441.000	163.698	163.717	59.000
441.000	164.046	164.052	59.000
441.000	164.372	164.375	59.000
441.000	164.733	164.736	59.000
441.000	164.841	164.850	59.000
441.000	165.078	165.077	59.000
441.000	165.925	165.924	59.000
441.000	166.209	166.212	59.000
441.000	166.520	166.533	59.000
441.000	166.753	166.767	59.000
441.000	177.373	177.375	59.000
221.000	45.412	45.426	0.000
222.000	45.423	45.446	0.000
221.000	83.816	83.840	28.000
222.000	83.829	83.840	28.000
221.000	122.903	122.917	30.000
222.000	122.914	122.937	30.000
221.000	162.444	162.457	59.000
222.000	162.455	162.457	59.000
221.000	209.450	209.468	82.000
222.000	209.460	209.468	82.000
221.000	245.551	245.557	84.000
222.000	245.565	245.567	84.000
221.000	290.210	290.223	123.000
222.000	290.228	290.244	123.000
221.000	330.289	330.293	135.000
222.000	330.299	330.304	135.000
221.000	375.049	375.060	149.000
222.000	375.060	375.060	149.000
221.000	418.705	418.713	166.000
222.000	418.715	418.713	166.000
221.000	458.483	458.494	207.000
222.000	458.496	458.494	207.000
221.000	496.738	496.747	215.000
222.000	496.748	496.757	215.000
221.000	529.672	529.682	257.000
222.000	529.682	529.682	257.000
221.000	576.774	576.779	274.000
222.000	576.792	576.801	274.000
221.000	617.398	617.405	277.000
222.000	617.409	617.417	277.000
221.000	654.996	654.994	286.000
222.000	655.010	655.014	286.000
221.000	693.168	693.172	287.000
222.000	693.179	693.182	287.000
221.000	730.849	730.852	324.000
222.000	730.859	730.863	324.000
221.000	777.815	777.822	362.000
222.000	777.827	777.833	362.000
221.000	817.378	817.396	362.000
222.000	817.393	817.406	362.000
221.000	854.133	854.139	371.000
222.000	854.145	854.150	371.000
551.000	45.119	45.130	0.000
552.000	45.222	45.230	0.000
551.000	83.536	83.542	0.000
552.000	83.638	83.645	0.000
551.000	122.600	122.606	28.000
552.000	122.701	122.709	28.000
551.000	162.166	162.182	30.000
552.000	162.267	162.285	30.000
551.000	209.181	209.182	59.000
552.000	209.283	209.295	59.000
551.000	245.267	245.284	82.000
552.000	245.368	245.374	82.000
551.000	289.922	289.945	84.000
552.000	290.022	290.037	84.000
551.000	330.019	330.037	123.000
552.000	330.120	330.130	123.000
551.000	374.746	374.749	135.000
552.000	374.847	374.845	135.000
551.000	418.421	418.423	149.000
552.000	418.522	418.527	149.000
551.000	458.203	458.219	166.000
552.000	458.304	458.310	166.000
551.000	496.430	496.430	207.000
552.000	496.531	496.543	207.000
551.000	529.407	529.405	215.000
552.000	529.508	529.510	215.000
551.000	576.487	576.490	257.000
552.000	576.587	576.594	257.000
551.000	617.118	617.121	274.000
552.000	617.218	617.223	274.000
551.000	654.700	654.707	277.000
552.000	654.801	654.799	277.000
551.000	692.859	692.868	286.000
552.000	692.964	692.975	286.000
551.000	730.549	730.546	287.000
552.000	730.651	730.658	287.000
551.000	777.546	777.565	324.000
552.000	777.648	777.647	324.000
551.000	817.104	817.112	362.000
552.000	817.205	817.224	362.000
551.000	853.831	853.829	362.000
552.000	853.933	853.932	362.000
661.000	44.915	44.936	0.000
662.000	45.117	45.130	0.000
661.000	83.328	83.334	0.000
662.000	83.529	83.542	0.000
661.000	122.392	122.402	28.000
662.000	122.593	122.606	28.000
661.000	161.963	161.970	30.000
662.000	162.165	162.162	30.000
661.000	208.973	208.978	59.000
662.000	209.176	209.182	59.000
661.000	245.055	245.069	82.000
662.000	245.256	245.264	82.000
661.000	289.715	289.720	84.000
662.000	289.915	289.925	84.000
661.000	329.806	329.811	123.000
662.000	330.018	330.027	123.000
661.000	374.528	374.532	135.000
662.000	374.730	374.729	135.000
661.000	418.211	418.228	149.000
662.000	418.413	418.423	149.000
661.000	457.992	458.003	166.000
662.000	458.194	458.209	166.000
661.000	496.226	496.234	207.000
662.000	496.429	496.430	207.000
661.000	529.197	529.193	215.000
662.000	529.398	529.395	215.000
661.000	576.268	576.292	257.000
662.000	576.481	576.490	257.000
661.000	616.913	616.914	274.000
662.000	617.113	617.110	274.000
661.000	654.493	654.500	277.000
662.000	654.694	654.696	277.000
661.000	692.649	692.644	286.000
662.000	692.853	692.857	286.000
661.000	730.347	730.353	287.000
662.000	730.548	730.546	287.000
661.000	777.335	777.329	324.000
662.000	777.537	777.565	324.000
661.000	816.883	816.901	362.000
662.000	817.087	817.092	362.000
661.000	853.625	853.625	362.000
662.000	853.827	853.829	362.000
0.000	0.000	0.000	0.000
